
time,npos,epos,alt,phi,theta,psi,vel,alpha,beta,p,q,r,nx,ny,nz,mach,qbar,ps,

 0.00000, 0.00000, 0.00000,20000.00000, 0.00000, 0.70746, 0.00000,900.00000, 0.70746, 0.00000, 0.00000, 0.00000, 0.00000, 0.01235, 0.00000, 0.99992, 0.86936,514.10633,971.01236,3496.52747,-1.56152, 0.00000, 0.00000,
 0.10000,90.00000, 0.00000,20000.00000, 0.00000, 0.70746,-0.00000,900.00000, 0.70746, 0.00000, 0.00000,-0.00000,-0.00000, 0.01235, 0.00000, 0.99992, 0.86936,514.10633,971.01236,3496.52747,-1.56152, 0.00000, 0.00000,
 0.20000,180.00000, 0.00000,20000.00000, 0.00000, 0.70746,-0.00000,900.00000, 0.70746, 0.00000, 0.00000,-0.00000,-0.00000, 0.01235,-0.00000, 0.99992, 0.86936,514.10633,971.01236,3496.52747,-1.56152, 0.00000, 0.00000,
 0.30000,270.00000, 0.00000,20000.00000, 0.00000, 0.70746,-0.00000,900.00000, 0.70746, 0.00000, 0.00000,-0.00000,-0.00000, 0.01235,-0.00000, 0.99992, 0.86936,514.10633,971.01236,3496.52747,-1.56152, 0.00000, 0.00000,
 0.40000,360.00000, 0.00000,20000.00000, 0.00000, 0.70746,-0.00000,900.00000, 0.70746, 0.00000,-0.00000,-0.00000,-0.00000, 0.01235,-0.00000, 0.99992, 0.86936,514.10633,971.01236,3496.52747,-1.56152, 0.00000, 0.00000,
 0.50000,450.00000, 0.00000,20000.00000, 0.00000, 0.70746,-0.00000,900.00000, 0.70746, 0.00000,-0.00000,-0.00000,-0.00000, 0.01235,-0.00000, 0.99992, 0.86936,514.10633,971.01236,3496.52747,-1.56152, 0.00000, 0.00000,
 0.60000,540.00000,-0.00000,20000.00000,-0.00000, 0.70746,-0.00000,900.00000, 0.70746, 0.00000,-0.00000,-0.00000,-0.00000, 0.01235,-0.00000, 0.99992, 0.86936,514.10633,971.01236,3496.52747,-1.56152, 0.00000, 0.00000,
 0.70000,630.00000,-0.00000,20000.00000,-0.00000, 0.70746,-0.00000,900.00000, 0.70746, 0.00000,-0.00000,-0.00000,-0.00000, 0.01235,-0.00000, 0.99992, 0.86936,514.10633,971.01236,3496.52747,-1.56152, 0.00000, 0.00000,
 0.80000,720.00000,-0.00000,20000.00000,-0.00000, 0.70746,-0.00000,900.00000, 0.70746, 0.00000,-0.00000,-0.00000,-0.00000, 0.01235,-0.00000, 0.99992, 0.86936,514.10633,971.01236,3496.52747,-1.56152, 0.00000, 0.00000,
 0.90000,810.00000,-0.00000,20000.00000,-0.00000, 0.70746,-0.00000,900.00000, 0.70746, 0.00000,-0.00000,-0.00000, 0.00000, 0.01235,-0.00000, 0.99992, 0.86936,514.10633,971.01236,3496.52747,-1.56152, 0.00000, 0.00000,
 1.00000,900.00000,-0.00000,20000.00000,-0.00000, 0.70746,-0.00000,900.00000, 0.70746, 0.00000,-0.00000,-0.00000, 0.00000, 0.01235,-0.00000, 0.99992, 0.86936,514.10633,971.01236,3496.52747,-1.56152, 0.00000, 0.00000,
 1.10000,990.00000,-0.00000,20000.00000,-0.00000, 0.70746,-0.00000,900.00000, 0.70746, 0.00000,-0.00000,-0.00000, 0.00000, 0.01235,-0.00000, 0.99992, 0.86936,514.10633,971.01236,3496.52747,-1.56152, 0.00000, 0.00000,
 1.20000,1080.00000,-0.00000,20000.00000,-0.00000, 0.70746,-0.00000,900.00000, 0.70746, 0.00000,-0.00000,-0.00000, 0.00000, 0.01235,-0.00000, 0.99992, 0.86936,514.10633,971.01236,3496.52747,-1.56152, 0.00000, 0.00000,
 1.30000,1170.00000,-0.00000,20000.00000,-0.00000, 0.70746,-0.00000,900.00000, 0.70746, 0.00000,-0.00000,-0.00000, 0.00000, 0.01235,-0.00000, 0.99992, 0.86936,514.10633,971.01236,3496.52747,-1.56152, 0.00000, 0.00000,
 1.40000,1260.00000,-0.00000,20000.00000,-0.00000, 0.70746,-0.00000,900.00000, 0.70746, 0.00000,-0.00000,-0.00000, 0.00000, 0.01235,-0.00000, 0.99992, 0.86936,514.10633,971.01236,3496.52747,-1.56152, 0.00000, 0.00000,
 1.50000,1350.00000,-0.00000,20000.00000,-0.00000, 0.70746,-0.00000,900.00000, 0.70746, 0.00000,-0.00000,-0.00000,-0.00000, 0.01235,-0.00000, 0.99992, 0.86936,514.10633,971.01236,3496.52747,-1.56152, 0.00000, 0.00000,
 1.60000,1440.00000,-0.00000,20000.00000,-0.00000, 0.70746,-0.00000,900.00000, 0.70746, 0.00000,-0.00000,-0.00000,-0.00000, 0.01235,-0.00000, 0.99992, 0.86936,514.10633,971.01236,3496.52747,-1.56152, 0.00000, 0.00000,
 1.70000,1530.00000,-0.00000,20000.00000,-0.00000, 0.70746,-0.00000,900.00000, 0.70746, 0.00000,-0.00000,-0.00000,-0.00000, 0.01235,-0.00000, 0.99992, 0.86936,514.10633,971.01236,3496.52747,-1.56152, 0.00000, 0.00000,
 1.80000,1620.00000,-0.00000,20000.00000,-0.00000, 0.70746,-0.00000,900.00000, 0.70746, 0.00000,-0.00000,-0.00000,-0.00000, 0.01235,-0.00000, 0.99992, 0.86936,514.10633,971.01236,3496.52747,-1.56152, 0.00000, 0.00000,
 1.90000,1710.00000,-0.00000,20000.00000,-0.00000, 0.70746,-0.00000,900.00000, 0.70746, 0.00000,-0.00000,-0.00000,-0.00000, 0.01235,-0.00000, 0.99992, 0.86936,514.10633,971.01236,3496.52747,-1.56152, 0.00000, 0.00000,
 2.00000,1800.00000,-0.00000,20000.00000,-0.00000, 0.70746,-0.00000,900.00000, 0.70746, 0.00000,-0.00000,-0.00000,-0.00000, 0.01235,-0.00000, 0.99992, 0.86936,514.10633,971.01236,3496.52747,-1.56152, 0.00000, 0.00000,
 2.10000,1890.00000,-0.00000,20000.00000,-0.00000, 0.70746,-0.00000,900.00000, 0.70746, 0.00000,-0.00000,-0.00000,-0.00000, 0.01235,-0.00000, 0.99992, 0.86936,514.10633,971.01236,3496.52747,-1.56152, 0.00000, 0.00000,
 2.20000,1980.00000,-0.00000,20000.00000,-0.00000, 0.70746,-0.00000,900.00000, 0.70746, 0.00000,-0.00000,-0.00000,-0.00000, 0.01235,-0.00000, 0.99992, 0.86936,514.10633,971.01236,3496.52747,-1.56152, 0.00000, 0.00000,
 2.30000,2070.00000,-0.00000,20000.00000,-0.00000, 0.70746,-0.00000,900.00000, 0.70746, 0.00000,-0.00000,-0.00000,-0.00000, 0.01235,-0.00000, 0.99992, 0.86936,514.10633,971.01236,3496.52747,-1.56152, 0.00000, 0.00000,
 2.40000,2160.00000,-0.00000,20000.00000,-0.00000, 0.70746,-0.00000,900.00000, 0.70746, 0.00000,-0.00000,-0.00000,-0.00000, 0.01235,-0.00000, 0.99992, 0.86936,514.10633,971.01236,3496.52747,-1.56152, 0.00000, 0.00000,
 2.50000,2250.00000,-0.00000,20000.00000,-0.00000, 0.70746,-0.00000,900.00000, 0.70746, 0.00000,-0.00000,-0.00000, 0.00000, 0.01235,-0.00000, 0.99992, 0.86936,514.10633,971.01236,3496.52747,-1.56152, 0.00000, 0.00000,
 2.60000,2340.00000,-0.00000,20000.00000,-0.00000, 0.70746,-0.00000,900.00000, 0.70746, 0.00000,-0.00000,-0.00000, 0.00000, 0.01235,-0.00000, 0.99992, 0.86936,514.10633,971.01236,3496.52747,-1.56152, 0.00000, 0.00000,
 2.70000,2430.00000,-0.00000,20000.00000,-0.00000, 0.70746,-0.00000,900.00000, 0.70746, 0.00000,-0.00000,-0.00000, 0.00000, 0.01235,-0.00000, 0.99992, 0.86936,514.10633,971.01236,3496.52747,-1.56152, 0.00000, 0.00000,
 2.80000,2520.00000,-0.00000,20000.00000,-0.00000, 0.70746,-0.00000,900.00000, 0.70746, 0.00000,-0.00000,-0.00000, 0.00000, 0.01235,-0.00000, 0.99992, 0.86936,514.10633,971.01236,3496.52747,-1.56152, 0.00000, 0.00000,
 2.90000,2610.00000,-0.00000,20000.00000,-0.00000, 0.70746,-0.00000,900.00000, 0.70746, 0.00000,-0.00000,-0.00000, 0.00000, 0.01235,-0.00000, 0.99992, 0.86936,514.10633,971.01236,3496.52747,-1.56152, 0.00000, 0.00000,
 3.00000,2700.00000,-0.00000,20000.00000,-0.00000, 0.70746,-0.00000,900.00000, 0.70746, 0.00000,-0.00000,-0.00000,-0.00000, 0.01235,-0.00000, 0.99992, 0.86936,514.10633,971.01236,3496.52747,-1.56152, 0.00000, 0.00000,
 3.10000,2790.00000,-0.00000,20000.00000,-0.00000, 0.70746,-0.00000,900.00000, 0.70746, 0.00000,-0.00000,-0.00000,-0.00000, 0.01235,-0.00000, 0.99992, 0.86936,514.10633,971.01236,3496.52747,-1.56152, 0.00000, 0.00000,
 3.20000,2880.00000,-0.00000,20000.00000,-0.00000, 0.70746,-0.00000,900.00000, 0.70746, 0.00000,-0.00000,-0.00000,-0.00000, 0.01235,-0.00000, 0.99992, 0.86936,514.10633,971.01236,3496.52747,-1.56152, 0.00000, 0.00000,
 3.30000,2970.00000,-0.00000,20000.00000,-0.00000, 0.70746,-0.00000,900.00000, 0.70746, 0.00000,-0.00000,-0.00000,-0.00000, 0.01235,-0.00000, 0.99992, 0.86936,514.10633,971.01236,3496.52747,-1.56152, 0.00000, 0.00000,
 3.40000,3060.00000,-0.00000,20000.00000,-0.00000, 0.70746,-0.00000,900.00000, 0.70746, 0.00000,-0.00000,-0.00000,-0.00000, 0.01235,-0.00000, 0.99992, 0.86936,514.10633,971.01236,3496.52747,-1.56152, 0.00000, 0.00000,
 3.50000,3150.00000,-0.00000,20000.00000,-0.00000, 0.70746,-0.00000,900.00000, 0.70746, 0.00000,-0.00000,-0.00000,-0.00000, 0.01235,-0.00000, 0.99992, 0.86936,514.10633,971.01236,3496.52747,-1.56152, 0.00000, 0.00000,
 3.60000,3240.00000,-0.00000,20000.00000,-0.00000, 0.70746,-0.00000,900.00000, 0.70746, 0.00000,-0.00000,-0.00000,-0.00000, 0.01235,-0.00000, 0.99992, 0.86936,514.10633,971.01236,3496.52747,-1.56152, 0.00000, 0.00000,
 3.70000,3330.00000,-0.00000,20000.00000,-0.00000, 0.70746,-0.00000,900.00000, 0.70746, 0.00000,-0.00000,-0.00000,-0.00000, 0.01235,-0.00000, 0.99992, 0.86936,514.10633,971.01236,3496.52747,-1.56152, 0.00000, 0.00000,
 3.80000,3420.00000,-0.00000,20000.00000,-0.00000, 0.70746,-0.00000,900.00000, 0.70746, 0.00000,-0.00000,-0.00000,-0.00000, 0.01235,-0.00000, 0.99992, 0.86936,514.10633,971.01236,3496.52747,-1.56152, 0.00000, 0.00000,
 3.90000,3510.00000,-0.00000,20000.00000,-0.00000, 0.70746,-0.00000,900.00000, 0.70746, 0.00000,-0.00000,-0.00000,-0.00000, 0.01235,-0.00000, 0.99992, 0.86936,514.10633,971.01236,3496.52747,-1.56152, 0.00000, 0.00000,
 4.00000,3600.00000,-0.00000,20000.00000,-0.00000, 0.70746,-0.00000,900.00000, 0.70746, 0.00000,-0.00000,-0.00000,-0.00000, 0.01235,-0.00000, 0.99992, 0.86936,514.10633,971.01236,3496.52747,-1.56152, 0.00000, 0.00000,
 4.10000,3690.00000,-0.00000,20000.00000,-0.00000, 0.70746,-0.00000,900.00000, 0.70746, 0.00000,-0.00000,-0.00000,-0.00000, 0.01235,-0.00000, 0.99992, 0.86936,514.10633,971.01236,3496.52747,-1.56152, 0.00000, 0.00000,
 4.20000,3780.00000,-0.00000,20000.00000,-0.00000, 0.70746,-0.00000,900.00000, 0.70746, 0.00000,-0.00000,-0.00000,-0.00000, 0.01235,-0.00000, 0.99992, 0.86936,514.10633,971.01236,3496.52747,-1.56152, 0.00000, 0.00000,
 4.30000,3870.00000,-0.00000,20000.00000,-0.00000, 0.70746,-0.00000,900.00000, 0.70746, 0.00000,-0.00000,-0.00000,-0.00000, 0.01235,-0.00000, 0.99992, 0.86936,514.10633,971.01236,3496.52747,-1.56152, 0.00000, 0.00000,
 4.40000,3960.00000,-0.00000,20000.00000,-0.00000, 0.70746,-0.00000,900.00000, 0.70746, 0.00000,-0.00000,-0.00000,-0.00000, 0.01235,-0.00000, 0.99992, 0.86936,514.10633,971.01236,3496.52747,-1.56152, 0.00000, 0.00000,
 4.50000,4050.00000,-0.00000,20000.00000,-0.00000, 0.70746,-0.00000,900.00000, 0.70746, 0.00000,-0.00000,-0.00000,-0.00000, 0.01235,-0.00000, 0.99992, 0.86936,514.10633,971.01236,3496.52747,-1.56152, 0.00000, 0.00000,
 4.60000,4140.00000,-0.00000,20000.00000,-0.00000, 0.70746,-0.00000,900.00000, 0.70746, 0.00000,-0.00000,-0.00000,-0.00000, 0.01235,-0.00000, 0.99992, 0.86936,514.10633,971.01236,3496.52747,-1.56152, 0.00000, 0.00000,
 4.70000,4230.00000,-0.00000,20000.00000,-0.00000, 0.70746,-0.00000,900.00000, 0.70746, 0.00000,-0.00000,-0.00000,-0.00000, 0.01235,-0.00000, 0.99992, 0.86936,514.10633,971.01236,3496.52747,-1.56152, 0.00000, 0.00000,
 4.80000,4320.00000,-0.00000,20000.00000,-0.00000, 0.70746,-0.00000,900.00000, 0.70746, 0.00000,-0.00000,-0.00000,-0.00000, 0.01235,-0.00000, 0.99992, 0.86936,514.10633,971.01236,3496.52747,-1.56152, 0.00000, 0.00000,
 4.90000,4410.00000,-0.00000,20000.00000,-0.00000, 0.70746,-0.00000,900.00000, 0.70746, 0.00000,-0.00000,-0.00000,-0.00000, 0.01235,-0.00000, 0.99992, 0.86936,514.10633,971.01236,3496.52747,-1.56152, 0.00000, 0.00000,
 5.00000,4500.00000,-0.00000,20000.00000,-0.00000, 0.70746,-0.00000,900.00000, 0.70746, 0.00000,-0.00000,-0.00000,-0.00000, 0.01235,-0.00000, 0.99992, 0.86936,514.10633,971.01236,3496.52747,-1.56152, 0.00000, 0.00000,
 5.10000,4590.00000,-0.00000,20000.00000,-0.00000, 0.70746,-0.00000,900.00000, 0.70746, 0.00000,-0.00000,-0.00000,-0.00000, 0.01235,-0.00000, 0.99992, 0.86936,514.10633,971.01236,3496.52747,-1.56152, 0.00000, 0.00000,
 5.20000,4680.00000,-0.00000,20000.00000,-0.00000, 0.70746,-0.00000,900.00000, 0.70746, 0.00000,-0.00000,-0.00000,-0.00000, 0.01235,-0.00000, 0.99992, 0.86936,514.10633,971.01236,3496.52747,-1.56152, 0.00000, 0.00000,
 5.30000,4770.00000,-0.00000,20000.00000,-0.00000, 0.70746,-0.00000,900.00000, 0.70746, 0.00000,-0.00000,-0.00000,-0.00000, 0.01235,-0.00000, 0.99992, 0.86936,514.10633,971.01236,3496.52747,-1.56152, 0.00000, 0.00000,
 5.40000,4860.00000,-0.00000,20000.00000,-0.00000, 0.70746,-0.00000,900.00000, 0.70746, 0.00000,-0.00000,-0.00000,-0.00000, 0.01235,-0.00000, 0.99992, 0.86936,514.10633,971.01236,3496.52747,-1.56152, 0.00000, 0.00000,
 5.50000,4950.00000,-0.00000,20000.00000,-0.00000, 0.70746,-0.00000,900.00000, 0.70746, 0.00000,-0.00000,-0.00000,-0.00000, 0.01235,-0.00000, 0.99992, 0.86936,514.10633,971.01236,3496.52747,-1.56152, 0.00000, 0.00000,
 5.60000,5040.00000,-0.00000,20000.00000,-0.00000, 0.70746,-0.00000,900.00000, 0.70746, 0.00000,-0.00000,-0.00000,-0.00000, 0.01235,-0.00000, 0.99992, 0.86936,514.10633,971.01236,3496.52747,-1.56152, 0.00000, 0.00000,
 5.70000,5130.00000,-0.00000,20000.00000,-0.00000, 0.70746,-0.00000,900.00000, 0.70746, 0.00000,-0.00000,-0.00000,-0.00000, 0.01235,-0.00000, 0.99992, 0.86936,514.10633,971.01236,3496.52747,-1.56152, 0.00000, 0.00000,
 5.80000,5220.00000,-0.00000,20000.00000,-0.00000, 0.70746,-0.00000,900.00000, 0.70746, 0.00000,-0.00000,-0.00000,-0.00000, 0.01235,-0.00000, 0.99992, 0.86936,514.10633,971.01236,3496.52747,-1.56152, 0.00000, 0.00000,
 5.90000,5310.00000,-0.00000,20000.00000,-0.00000, 0.70746,-0.00000,900.00000, 0.70746, 0.00000,-0.00000,-0.00000,-0.00000, 0.01235,-0.00000, 0.99992, 0.86936,514.10633,971.01236,3496.52747,-1.56152, 0.00000, 0.00000,
 6.00000,5400.00000,-0.00000,20000.00000,-0.00000, 0.70746,-0.00000,900.00000, 0.70746, 0.00000,-0.00000,-0.00000,-0.00000, 0.01235,-0.00000, 0.99992, 0.86936,514.10633,971.01236,3496.52747,-1.56152, 0.00000, 0.00000,
 6.10000,5490.00000,-0.00000,20000.00000,-0.00000, 0.70746,-0.00000,900.00000, 0.70746, 0.00000,-0.00000,-0.00000,-0.00000, 0.01235,-0.00000, 0.99992, 0.86936,514.10633,971.01236,3496.52747,-1.56152, 0.00000, 0.00000,
 6.20000,5580.00000,-0.00000,20000.00000,-0.00000, 0.70746,-0.00000,900.00000, 0.70746, 0.00000,-0.00000,-0.00000,-0.00000, 0.01235,-0.00000, 0.99992, 0.86936,514.10633,971.01236,3496.52747,-1.56152, 0.00000, 0.00000,
 6.30000,5670.00000,-0.00000,20000.00000,-0.00000, 0.70746,-0.00000,900.00000, 0.70746, 0.00000,-0.00000,-0.00000,-0.00000, 0.01235,-0.00000, 0.99992, 0.86936,514.10633,971.01236,3496.52747,-1.56152, 0.00000, 0.00000,
 6.40000,5760.00000,-0.00000,20000.00000,-0.00000, 0.70746,-0.00000,900.00000, 0.70746, 0.00000,-0.00000,-0.00000,-0.00000, 0.01235,-0.00000, 0.99992, 0.86936,514.10633,971.01236,3496.52747,-1.56152, 0.00000, 0.00000,
 6.50000,5850.00000,-0.00000,20000.00000,-0.00000, 0.70746,-0.00000,900.00000, 0.70746, 0.00000,-0.00000,-0.00000,-0.00000, 0.01235,-0.00000, 0.99992, 0.86936,514.10633,971.01236,3496.52747,-1.56152, 0.00000, 0.00000,
 6.60000,5940.00000,-0.00000,20000.00000,-0.00000, 0.70746,-0.00000,900.00000, 0.70746, 0.00000,-0.00000,-0.00000,-0.00000, 0.01235,-0.00000, 0.99992, 0.86936,514.10633,971.01236,3496.52747,-1.56152, 0.00000, 0.00000,
 6.70000,6030.00000,-0.00000,20000.00000,-0.00000, 0.70746,-0.00000,900.00000, 0.70746, 0.00000,-0.00000,-0.00000,-0.00000, 0.01235,-0.00000, 0.99992, 0.86936,514.10633,971.01236,3496.52747,-1.56152, 0.00000, 0.00000,
 6.80000,6120.00000,-0.00000,20000.00000,-0.00000, 0.70746,-0.00000,900.00000, 0.70746, 0.00000,-0.00000,-0.00000,-0.00000, 0.01235,-0.00000, 0.99992, 0.86936,514.10633,971.01236,3496.52747,-1.56152, 0.00000, 0.00000,
 6.90000,6210.00000,-0.00000,20000.00000,-0.00000, 0.70746,-0.00000,900.00000, 0.70746, 0.00000,-0.00000,-0.00000,-0.00000, 0.01235,-0.00000, 0.99992, 0.86936,514.10633,971.01236,3496.52747,-1.56152, 0.00000, 0.00000,
 7.00000,6300.00000,-0.00000,20000.00000,-0.00000, 0.70746,-0.00000,900.00000, 0.70746, 0.00000,-0.00000,-0.00000,-0.00000, 0.01235,-0.00000, 0.99992, 0.86936,514.10633,971.01236,3496.52747,-1.56152, 0.00000, 0.00000,
 7.10000,6390.00000,-0.00000,20000.00000,-0.00000, 0.70746,-0.00000,900.00000, 0.70746, 0.00000,-0.00000,-0.00000,-0.00000, 0.01235,-0.00000, 0.99992, 0.86936,514.10633,971.01236,3496.52747,-1.56152, 0.00000, 0.00000,
 7.20000,6480.00000,-0.00000,20000.00000,-0.00000, 0.70746,-0.00000,900.00000, 0.70746, 0.00000,-0.00000,-0.00000,-0.00000, 0.01235,-0.00000, 0.99992, 0.86936,514.10633,971.01236,3496.52747,-1.56152, 0.00000, 0.00000,
 7.30000,6570.00000,-0.00000,20000.00000,-0.00000, 0.70746,-0.00000,900.00000, 0.70746, 0.00000,-0.00000,-0.00000,-0.00000, 0.01235,-0.00000, 0.99992, 0.86936,514.10633,971.01236,3496.52747,-1.56152, 0.00000, 0.00000,
 7.40000,6660.00000,-0.00000,20000.00000,-0.00000, 0.70746,-0.00000,900.00000, 0.70746, 0.00000,-0.00000,-0.00000,-0.00000, 0.01235,-0.00000, 0.99992, 0.86936,514.10633,971.01236,3496.52747,-1.56152, 0.00000, 0.00000,
 7.50000,6750.00000,-0.00000,20000.00000,-0.00000, 0.70746,-0.00000,900.00000, 0.70746, 0.00000,-0.00000,-0.00000,-0.00000, 0.01235,-0.00000, 0.99992, 0.86936,514.10633,971.01236,3496.52747,-1.56152, 0.00000, 0.00000,
 7.60000,6840.00000,-0.00000,20000.00000,-0.00000, 0.70746,-0.00000,900.00000, 0.70746, 0.00000,-0.00000,-0.00000,-0.00000, 0.01235,-0.00000, 0.99992, 0.86936,514.10633,971.01236,3496.52747,-1.56152, 0.00000, 0.00000,
 7.70000,6930.00000,-0.00000,20000.00000,-0.00000, 0.70746,-0.00000,900.00000, 0.70746, 0.00000,-0.00000,-0.00000,-0.00000, 0.01235,-0.00000, 0.99992, 0.86936,514.10633,971.01236,3496.52747,-1.56152, 0.00000, 0.00000,
 7.80000,7020.00000,-0.00000,20000.00000,-0.00000, 0.70746,-0.00000,900.00000, 0.70746, 0.00000,-0.00000,-0.00000,-0.00000, 0.01235,-0.00000, 0.99992, 0.86936,514.10633,971.01236,3496.52747,-1.56152, 0.00000, 0.00000,
 7.90000,7110.00000,-0.00000,20000.00000,-0.00000, 0.70746,-0.00000,900.00000, 0.70746, 0.00000,-0.00000,-0.00000,-0.00000, 0.01235,-0.00000, 0.99992, 0.86936,514.10633,971.01236,3496.52747,-1.56152, 0.00000, 0.00000,
 8.00000,7200.00000,-0.00000,20000.00000,-0.00000, 0.70746,-0.00000,900.00000, 0.70746, 0.00000,-0.00000,-0.00000,-0.00000, 0.01235,-0.00000, 0.99992, 0.86936,514.10633,971.01236,3496.52747,-1.56152, 0.00000, 0.00000,
 8.10000,7290.00000,-0.00000,20000.00000,-0.00000, 0.70746,-0.00000,900.00000, 0.70746, 0.00000,-0.00000,-0.00000,-0.00000, 0.01235,-0.00000, 0.99992, 0.86936,514.10633,971.01236,3496.52747,-1.56152, 0.00000, 0.00000,
 8.20000,7380.00000,-0.00000,20000.00000,-0.00000, 0.70746,-0.00000,900.00000, 0.70746, 0.00000,-0.00000,-0.00000,-0.00000, 0.01235,-0.00000, 0.99992, 0.86936,514.10633,971.01236,3496.52747,-1.56152, 0.00000, 0.00000,
 8.30000,7470.00000,-0.00000,20000.00000,-0.00000, 0.70746,-0.00000,900.00000, 0.70746, 0.00000,-0.00000,-0.00000,-0.00000, 0.01235,-0.00000, 0.99992, 0.86936,514.10633,971.01236,3496.52747,-1.56152, 0.00000, 0.00000,
 8.40000,7560.00000,-0.00000,20000.00000,-0.00000, 0.70746,-0.00000,900.00000, 0.70746, 0.00000,-0.00000,-0.00000,-0.00000, 0.01235,-0.00000, 0.99992, 0.86936,514.10633,971.01236,3496.52747,-1.56152, 0.00000, 0.00000,
 8.50000,7650.00000,-0.00000,20000.00000,-0.00000, 0.70746,-0.00000,900.00000, 0.70746, 0.00000,-0.00000,-0.00000,-0.00000, 0.01235,-0.00000, 0.99992, 0.86936,514.10633,971.01236,3496.52747,-1.56152, 0.00000, 0.00000,
 8.60000,7740.00000,-0.00000,20000.00000,-0.00000, 0.70746,-0.00000,900.00000, 0.70746, 0.00000,-0.00000,-0.00000,-0.00000, 0.01235,-0.00000, 0.99992, 0.86936,514.10633,971.01236,3496.52747,-1.56152, 0.00000, 0.00000,
 8.70000,7830.00000,-0.00000,20000.00000,-0.00000, 0.70746,-0.00000,900.00000, 0.70746, 0.00000,-0.00000,-0.00000,-0.00000, 0.01235,-0.00000, 0.99992, 0.86936,514.10633,971.01236,3496.52747,-1.56152, 0.00000, 0.00000,
 8.80000,7920.00000,-0.00000,20000.00000,-0.00000, 0.70746,-0.00000,900.00000, 0.70746, 0.00000,-0.00000,-0.00000,-0.00000, 0.01235,-0.00000, 0.99992, 0.86936,514.10633,971.01236,3496.52747,-1.56152, 0.00000, 0.00000,
 8.90000,8010.00000,-0.00000,20000.00000,-0.00000, 0.70746,-0.00000,900.00000, 0.70746, 0.00000,-0.00000,-0.00000,-0.00000, 0.01235,-0.00000, 0.99992, 0.86936,514.10633,971.01236,3496.52747,-1.56152, 0.00000, 0.00000,
 9.00000,8100.00000,-0.00000,20000.00000,-0.00000, 0.70746,-0.00000,900.00000, 0.70746, 0.00000,-0.00000,-0.00000,-0.00000, 0.01235,-0.00000, 0.99992, 0.86936,514.10633,971.01236,3496.52747,-1.56152, 0.00000, 0.00000,
 9.10000,8190.00000,-0.00000,20000.00000,-0.00000, 0.70746,-0.00000,900.00000, 0.70746, 0.00000,-0.00000,-0.00000,-0.00000, 0.01235,-0.00000, 0.99992, 0.86936,514.10633,971.01236,3496.52747,-1.56152, 0.00000, 0.00000,
 9.20000,8280.00000,-0.00000,20000.00000,-0.00000, 0.70746,-0.00000,900.00000, 0.70746, 0.00000,-0.00000,-0.00000,-0.00000, 0.01235,-0.00000, 0.99992, 0.86936,514.10633,971.01236,3496.52747,-1.56152, 0.00000, 0.00000,
 9.30000,8370.00000,-0.00000,20000.00000,-0.00000, 0.70746,-0.00000,900.00000, 0.70746, 0.00000,-0.00000,-0.00000,-0.00000, 0.01235,-0.00000, 0.99992, 0.86936,514.10633,971.01236,3496.52747,-1.56152, 0.00000, 0.00000,
 9.40000,8460.00000,-0.00000,20000.00000,-0.00000, 0.70746,-0.00000,900.00000, 0.70746, 0.00000,-0.00000,-0.00000,-0.00000, 0.01235,-0.00000, 0.99992, 0.86936,514.10633,971.01236,3496.52747,-1.56152, 0.00000, 0.00000,
 9.50000,8550.00000,-0.00000,20000.00000,-0.00000, 0.70746,-0.00000,900.00000, 0.70746, 0.00000,-0.00000,-0.00000,-0.00000, 0.01235,-0.00000, 0.99992, 0.86936,514.10633,971.01236,3496.52747,-1.56152, 0.00000, 0.00000,
 9.60000,8640.00000,-0.00000,20000.00000,-0.00000, 0.70746,-0.00000,900.00000, 0.70746, 0.00000,-0.00000,-0.00000,-0.00000, 0.01235,-0.00000, 0.99992, 0.86936,514.10633,971.01236,3496.52747,-1.56152, 0.00000, 0.00000,
 9.70000,8730.00000,-0.00000,20000.00000,-0.00000, 0.70746,-0.00000,900.00000, 0.70746, 0.00000,-0.00000,-0.00000,-0.00000, 0.01235,-0.00000, 0.99992, 0.86936,514.10633,971.01236,3496.52747,-1.56152, 0.00000, 0.00000,
 9.80000,8820.00000,-0.00000,20000.00000,-0.00000, 0.70746,-0.00000,900.00000, 0.70746, 0.00000,-0.00000,-0.00000,-0.00000, 0.01235,-0.00000, 0.99992, 0.86936,514.10633,971.01236,3496.52747,-1.56152, 0.00000, 0.00000,
 9.90000,8910.00000,-0.00000,20000.00000,-0.00000, 0.70746,-0.00000,900.00000, 0.70746, 0.00000,-0.00000,-0.00000,-0.00000, 0.01235,-0.00000, 0.99992, 0.86936,514.10633,971.01236,3496.52747,-1.56152, 0.00000, 0.00000,
10.00000,9000.00000,-0.00000,20000.00000,-0.00000, 0.70746,-0.00000,900.00000, 0.70746, 0.00000,-0.00000,-0.00000,-0.00000, 0.01235,-0.00000, 0.99992, 0.86936,514.10633,971.01236,3496.52747,-1.56152, 0.00000, 0.00000,
10.10000,9090.00000,-0.00000,20000.00000,-0.00000, 0.70746,-0.00000,900.00000, 0.70746, 0.00000,-0.00000,-0.00000,-0.00000, 0.01235,-0.00000, 0.99992, 0.86936,514.10633,971.01236,3496.52747,-1.56152, 0.00000, 0.00000,
10.20000,9180.00000,-0.00000,20000.00000,-0.00000, 0.70746,-0.00000,900.00000, 0.70746, 0.00000,-0.00000,-0.00000,-0.00000, 0.01235,-0.00000, 0.99992, 0.86936,514.10633,971.01236,3496.52747,-1.56152, 0.00000, 0.00000,
10.30000,9270.00000,-0.00000,20000.00000,-0.00000, 0.70746,-0.00000,900.00000, 0.70746, 0.00000,-0.00000,-0.00000,-0.00000, 0.01235,-0.00000, 0.99992, 0.86936,514.10633,971.01236,3496.52747,-1.56152, 0.00000, 0.00000,
10.40000,9360.00000,-0.00000,20000.00000,-0.00000, 0.70746,-0.00000,900.00000, 0.70746, 0.00000,-0.00000,-0.00000,-0.00000, 0.01235,-0.00000, 0.99992, 0.86936,514.10633,971.01236,3496.52747,-1.56152, 0.00000, 0.00000,
10.50000,9450.00000,-0.00000,20000.00000,-0.00000, 0.70746,-0.00000,900.00000, 0.70746, 0.00000,-0.00000,-0.00000,-0.00000, 0.01235,-0.00000, 0.99992, 0.86936,514.10633,971.01236,3496.52747,-1.56152, 0.00000, 0.00000,
10.60000,9540.00000,-0.00000,20000.00000,-0.00000, 0.70746,-0.00000,900.00000, 0.70746, 0.00000,-0.00000,-0.00000,-0.00000, 0.01235,-0.00000, 0.99992, 0.86936,514.10633,971.01236,3496.52747,-1.56152, 0.00000, 0.00000,
10.70000,9630.00000,-0.00000,20000.00000,-0.00000, 0.70746,-0.00000,900.00000, 0.70746, 0.00000,-0.00000,-0.00000,-0.00000, 0.01235,-0.00000, 0.99992, 0.86936,514.10633,971.01236,3496.52747,-1.56152, 0.00000, 0.00000,
10.80000,9720.00000,-0.00000,20000.00000,-0.00000, 0.70746,-0.00000,900.00000, 0.70746, 0.00000,-0.00000,-0.00000,-0.00000, 0.01235,-0.00000, 0.99992, 0.86936,514.10633,971.01236,3496.52747,-1.56152, 0.00000, 0.00000,
10.90000,9810.00000,-0.00000,20000.00000,-0.00000, 0.70746,-0.00000,900.00000, 0.70746, 0.00000,-0.00000,-0.00000,-0.00000, 0.01235,-0.00000, 0.99992, 0.86936,514.10633,971.01236,3496.52747,-1.56152, 0.00000, 0.00000,
11.00000,9900.00000,-0.00000,20000.00000,-0.00000, 0.70746,-0.00000,900.00000, 0.70746, 0.00000,-0.00000,-0.00000,-0.00000, 0.01235,-0.00000, 0.99992, 0.86936,514.10633,971.01236,3496.52747,-1.56152, 0.00000, 0.00000,
11.10000,9990.00000,-0.00000,20000.00000,-0.00000, 0.70746,-0.00000,900.00000, 0.70746, 0.00000,-0.00000,-0.00000,-0.00000, 0.01235,-0.00000, 0.99992, 0.86936,514.10633,971.01236,3496.52747,-1.56152, 0.00000, 0.00000,
11.20000,10080.00000,-0.00000,20000.00000,-0.00000, 0.70746,-0.00000,900.00000, 0.70746, 0.00000,-0.00000,-0.00000,-0.00000, 0.01235,-0.00000, 0.99992, 0.86936,514.10633,971.01236,3496.52747,-1.56152, 0.00000, 0.00000,
11.30000,10170.00000,-0.00000,20000.00000,-0.00000, 0.70746,-0.00000,900.00000, 0.70746, 0.00000,-0.00000,-0.00000,-0.00000, 0.01235,-0.00000, 0.99992, 0.86936,514.10633,971.01236,3496.52747,-1.56152, 0.00000, 0.00000,
11.40000,10260.00000,-0.00000,20000.00000,-0.00000, 0.70746,-0.00000,900.00000, 0.70746, 0.00000,-0.00000,-0.00000,-0.00000, 0.01235,-0.00000, 0.99992, 0.86936,514.10633,971.01236,3496.52747,-1.56152, 0.00000, 0.00000,
11.50000,10350.00000,-0.00000,20000.00000,-0.00000, 0.70746,-0.00000,900.00000, 0.70746, 0.00000,-0.00000,-0.00000,-0.00000, 0.01235,-0.00000, 0.99992, 0.86936,514.10633,971.01236,3496.52747,-1.56152, 0.00000, 0.00000,
11.60000,10440.00000,-0.00000,20000.00000,-0.00000, 0.70746,-0.00000,900.00000, 0.70746, 0.00000,-0.00000,-0.00000,-0.00000, 0.01235,-0.00000, 0.99992, 0.86936,514.10633,971.01236,3496.52747,-1.56152, 0.00000, 0.00000,
11.70000,10530.00000,-0.00000,20000.00000,-0.00000, 0.70746,-0.00000,900.00000, 0.70746, 0.00000,-0.00000,-0.00000,-0.00000, 0.01235,-0.00000, 0.99992, 0.86936,514.10633,971.01236,3496.52747,-1.56152, 0.00000, 0.00000,
11.80000,10620.00000,-0.00000,20000.00000,-0.00000, 0.70746,-0.00000,900.00000, 0.70746, 0.00000,-0.00000,-0.00000,-0.00000, 0.01235,-0.00000, 0.99992, 0.86936,514.10633,971.01236,3496.52747,-1.56152, 0.00000, 0.00000,
11.90000,10710.00000,-0.00000,20000.00000,-0.00000, 0.70746,-0.00000,900.00000, 0.70746, 0.00000,-0.00000,-0.00000,-0.00000, 0.01235,-0.00000, 0.99992, 0.86936,514.10633,971.01236,3496.52747,-1.56152, 0.00000, 0.00000,
12.00000,10800.00000,-0.00000,20000.00000,-0.00000, 0.70746,-0.00000,900.00000, 0.70746, 0.00000,-0.00000,-0.00000,-0.00000, 0.01235,-0.00000, 0.99992, 0.86936,514.10633,971.01236,3496.52747,-1.56152, 0.00000, 0.00000,
12.10000,10890.00000,-0.00000,20000.00000,-0.00000, 0.70746,-0.00000,900.00000, 0.70746, 0.00000,-0.00000,-0.00000,-0.00000, 0.01235,-0.00000, 0.99992, 0.86936,514.10633,971.01236,3496.52747,-1.56152, 0.00000, 0.00000,
12.20000,10980.00000,-0.00000,20000.00000,-0.00000, 0.70746,-0.00000,900.00000, 0.70746, 0.00000,-0.00000,-0.00000,-0.00000, 0.01235,-0.00000, 0.99992, 0.86936,514.10633,971.01236,3496.52747,-1.56152, 0.00000, 0.00000,
12.30000,11070.00000,-0.00000,20000.00000,-0.00000, 0.70746,-0.00000,900.00000, 0.70746, 0.00000,-0.00000,-0.00000,-0.00000, 0.01235,-0.00000, 0.99992, 0.86936,514.10633,971.01236,3496.52747,-1.56152, 0.00000, 0.00000,
12.40000,11160.00000,-0.00000,20000.00000,-0.00000, 0.70746,-0.00000,900.00000, 0.70746, 0.00000,-0.00000,-0.00000,-0.00000, 0.01235,-0.00000, 0.99992, 0.86936,514.10633,971.01236,3496.52747,-1.56152, 0.00000, 0.00000,
12.50000,11250.00000,-0.00000,20000.00000,-0.00000, 0.70746,-0.00000,900.00000, 0.70746, 0.00000,-0.00000,-0.00000,-0.00000, 0.01235,-0.00000, 0.99992, 0.86936,514.10633,971.01236,3496.52747,-1.56152, 0.00000, 0.00000,
12.60000,11340.00000,-0.00000,20000.00000,-0.00000, 0.70746,-0.00000,900.00000, 0.70746, 0.00000,-0.00000,-0.00000,-0.00000, 0.01235,-0.00000, 0.99992, 0.86936,514.10633,971.01236,3496.52747,-1.56152, 0.00000, 0.00000,
12.70000,11430.00000,-0.00000,20000.00000,-0.00000, 0.70746,-0.00000,900.00000, 0.70746, 0.00000,-0.00000,-0.00000,-0.00000, 0.01235,-0.00000, 0.99992, 0.86936,514.10633,971.01236,3496.52747,-1.56152, 0.00000, 0.00000,
12.80000,11520.00000,-0.00000,20000.00000,-0.00000, 0.70746,-0.00000,900.00000, 0.70746, 0.00000,-0.00000,-0.00000,-0.00000, 0.01235,-0.00000, 0.99992, 0.86936,514.10633,971.01236,3496.52747,-1.56152, 0.00000, 0.00000,
12.90000,11610.00000,-0.00000,20000.00000,-0.00000, 0.70746,-0.00000,900.00000, 0.70746, 0.00000,-0.00000,-0.00000,-0.00000, 0.01235,-0.00000, 0.99992, 0.86936,514.10633,971.01236,3496.52747,-1.56152, 0.00000, 0.00000,
13.00000,11700.00000,-0.00000,20000.00000,-0.00000, 0.70746,-0.00000,900.00000, 0.70746, 0.00000,-0.00000,-0.00000,-0.00000, 0.01235,-0.00000, 0.99992, 0.86936,514.10633,971.01236,3496.52747,-1.56152, 0.00000, 0.00000,
13.10000,11790.00000,-0.00000,20000.00000,-0.00000, 0.70746,-0.00000,900.00000, 0.70746, 0.00000,-0.00000,-0.00000,-0.00000, 0.01235,-0.00000, 0.99992, 0.86936,514.10633,971.01236,3496.52747,-1.56152, 0.00000, 0.00000,
13.20000,11880.00000,-0.00000,20000.00000,-0.00000, 0.70746,-0.00000,900.00000, 0.70746, 0.00000,-0.00000,-0.00000,-0.00000, 0.01235,-0.00000, 0.99992, 0.86936,514.10633,971.01236,3496.52747,-1.56152, 0.00000, 0.00000,
13.30000,11970.00000,-0.00000,20000.00000,-0.00000, 0.70746,-0.00000,900.00000, 0.70746, 0.00000,-0.00000,-0.00000,-0.00000, 0.01235,-0.00000, 0.99992, 0.86936,514.10633,971.01236,3496.52747,-1.56152, 0.00000, 0.00000,
13.40000,12060.00000,-0.00000,20000.00000,-0.00000, 0.70746,-0.00000,900.00000, 0.70746, 0.00000,-0.00000,-0.00000,-0.00000, 0.01235,-0.00000, 0.99992, 0.86936,514.10633,971.01236,3496.52747,-1.56152, 0.00000, 0.00000,
13.50000,12150.00000,-0.00000,20000.00000,-0.00000, 0.70746,-0.00000,900.00000, 0.70746, 0.00000,-0.00000,-0.00000,-0.00000, 0.01235,-0.00000, 0.99992, 0.86936,514.10633,971.01236,3496.52747,-1.56152, 0.00000, 0.00000,
13.60000,12240.00000,-0.00000,20000.00000,-0.00000, 0.70746,-0.00000,900.00000, 0.70746, 0.00000,-0.00000,-0.00000,-0.00000, 0.01235,-0.00000, 0.99992, 0.86936,514.10633,971.01236,3496.52747,-1.56152, 0.00000, 0.00000,
13.70000,12330.00000,-0.00000,20000.00000,-0.00000, 0.70746,-0.00000,900.00000, 0.70746, 0.00000,-0.00000,-0.00000,-0.00000, 0.01235,-0.00000, 0.99992, 0.86936,514.10633,971.01236,3496.52747,-1.56152, 0.00000, 0.00000,
13.80000,12420.00000,-0.00000,20000.00000,-0.00000, 0.70746,-0.00000,900.00000, 0.70746, 0.00000,-0.00000,-0.00000,-0.00000, 0.01235,-0.00000, 0.99992, 0.86936,514.10633,971.01236,3496.52747,-1.56152, 0.00000, 0.00000,
13.90000,12510.00000,-0.00000,20000.00000,-0.00000, 0.70746,-0.00000,900.00000, 0.70746, 0.00000,-0.00000,-0.00000,-0.00000, 0.01235,-0.00000, 0.99992, 0.86936,514.10633,971.01236,3496.52747,-1.56152, 0.00000, 0.00000,
14.00000,12600.00000,-0.00000,20000.00000,-0.00000, 0.70746,-0.00000,900.00000, 0.70746, 0.00000,-0.00000,-0.00000,-0.00000, 0.01235,-0.00000, 0.99992, 0.86936,514.10633,971.01236,3496.52747,-1.56152, 0.00000, 0.00000,
14.10000,12690.00000,-0.00000,20000.00000,-0.00000, 0.70746,-0.00000,900.00000, 0.70746, 0.00000,-0.00000,-0.00000,-0.00000, 0.01235,-0.00000, 0.99992, 0.86936,514.10633,971.01236,3496.52747,-1.56152, 0.00000, 0.00000,
14.20000,12780.00000,-0.00000,20000.00000,-0.00000, 0.70746,-0.00000,900.00000, 0.70746, 0.00000,-0.00000,-0.00000,-0.00000, 0.01235,-0.00000, 0.99992, 0.86936,514.10633,971.01236,3496.52747,-1.56152, 0.00000, 0.00000,
14.30000,12870.00000,-0.00000,20000.00000,-0.00000, 0.70746,-0.00000,900.00000, 0.70746, 0.00000,-0.00000,-0.00000,-0.00000, 0.01235,-0.00000, 0.99992, 0.86936,514.10633,971.01236,3496.52747,-1.56152, 0.00000, 0.00000,
14.40000,12960.00000,-0.00000,20000.00000,-0.00000, 0.70746,-0.00000,900.00000, 0.70746, 0.00000,-0.00000,-0.00000,-0.00000, 0.01235,-0.00000, 0.99992, 0.86936,514.10633,971.01236,3496.52747,-1.56152, 0.00000, 0.00000,
14.50000,13050.00000,-0.00000,20000.00000,-0.00000, 0.70746,-0.00000,900.00000, 0.70746, 0.00000,-0.00000,-0.00000,-0.00000, 0.01235,-0.00000, 0.99992, 0.86936,514.10633,971.01236,3496.52747,-1.56152, 0.00000, 0.00000,
14.60000,13140.00000,-0.00000,20000.00000,-0.00000, 0.70746,-0.00000,900.00000, 0.70746, 0.00000,-0.00000,-0.00000,-0.00000, 0.01235,-0.00000, 0.99992, 0.86936,514.10633,971.01236,3496.52747,-1.56152, 0.00000, 0.00000,
14.70000,13230.00000,-0.00000,20000.00000,-0.00000, 0.70746,-0.00000,900.00000, 0.70746, 0.00000,-0.00000,-0.00000,-0.00000, 0.01235,-0.00000, 0.99992, 0.86936,514.10633,971.01236,3496.52747,-1.56152, 0.00000, 0.00000,
14.80000,13320.00000,-0.00000,20000.00000,-0.00000, 0.70746,-0.00000,900.00000, 0.70746, 0.00000,-0.00000,-0.00000,-0.00000, 0.01235,-0.00000, 0.99992, 0.86936,514.10633,971.01236,3496.52747,-1.56152, 0.00000, 0.00000,
14.90000,13410.00000,-0.00000,20000.00000,-0.00000, 0.70746,-0.00000,900.00000, 0.70746, 0.00000,-0.00000,-0.00000,-0.00000, 0.01235,-0.00000, 0.99992, 0.86936,514.10633,971.01236,3496.52747,-1.56152, 0.00000, 0.00000,
15.00000,13500.00000,-0.00000,20000.00000,-0.00000, 0.70746,-0.00000,900.00000, 0.70746, 0.00000,-0.00000,-0.00000,-0.00000, 0.01235,-0.00000, 0.99992, 0.86936,514.10633,971.01236,3496.52747,-1.56152, 0.00000, 0.00000,
15.10000,13590.00000,-0.00000,20000.00000,-0.00000, 0.70746,-0.00000,900.00000, 0.70746, 0.00000,-0.00000,-0.00000,-0.00000, 0.01235,-0.00000, 0.99992, 0.86936,514.10633,971.01236,3496.52747,-1.56152, 0.00000, 0.00000,
15.20000,13680.00000,-0.00000,20000.00000,-0.00000, 0.70746,-0.00000,900.00000, 0.70746, 0.00000,-0.00000,-0.00000,-0.00000, 0.01235,-0.00000, 0.99992, 0.86936,514.10633,971.01236,3496.52747,-1.56152, 0.00000, 0.00000,
15.30000,13770.00000,-0.00000,20000.00000,-0.00000, 0.70746,-0.00000,900.00000, 0.70746, 0.00000,-0.00000,-0.00000,-0.00000, 0.01235,-0.00000, 0.99992, 0.86936,514.10633,971.01236,3496.52747,-1.56152, 0.00000, 0.00000,
15.40000,13860.00000,-0.00000,20000.00000,-0.00000, 0.70746,-0.00000,900.00000, 0.70746, 0.00000,-0.00000,-0.00000,-0.00000, 0.01235,-0.00000, 0.99992, 0.86936,514.10633,971.01236,3496.52747,-1.56152, 0.00000, 0.00000,
15.50000,13950.00000,-0.00000,20000.00000,-0.00000, 0.70746,-0.00000,900.00000, 0.70746, 0.00000,-0.00000,-0.00000,-0.00000, 0.01235,-0.00000, 0.99992, 0.86936,514.10633,971.01236,3496.52747,-1.56152, 0.00000, 0.00000,
15.60000,14040.00000,-0.00000,20000.00000,-0.00000, 0.70746,-0.00000,900.00000, 0.70746, 0.00000,-0.00000,-0.00000,-0.00000, 0.01235,-0.00000, 0.99992, 0.86936,514.10633,971.01236,3496.52747,-1.56152, 0.00000, 0.00000,
15.70000,14130.00000,-0.00000,20000.00000,-0.00000, 0.70746,-0.00000,900.00000, 0.70746, 0.00000,-0.00000,-0.00000,-0.00000, 0.01235,-0.00000, 0.99992, 0.86936,514.10633,971.01236,3496.52747,-1.56152, 0.00000, 0.00000,
15.80000,14220.00000,-0.00000,20000.00000,-0.00000, 0.70746,-0.00000,900.00000, 0.70746, 0.00000,-0.00000,-0.00000,-0.00000, 0.01235,-0.00000, 0.99992, 0.86936,514.10633,971.01236,3496.52747,-1.56152, 0.00000, 0.00000,
15.90000,14310.00000,-0.00000,20000.00000,-0.00000, 0.70746,-0.00000,900.00000, 0.70746, 0.00000,-0.00000,-0.00000,-0.00000, 0.01235,-0.00000, 0.99992, 0.86936,514.10633,971.01236,3496.52747,-1.56152, 0.00000, 0.00000,
16.00000,14400.00000,-0.00000,20000.00000,-0.00000, 0.70746,-0.00000,900.00000, 0.70746, 0.00000,-0.00000,-0.00000,-0.00000, 0.01235,-0.00000, 0.99992, 0.86936,514.10633,971.01236,3496.52747,-1.56152, 0.00000, 0.00000,
16.10000,14490.00000,-0.00000,20000.00000,-0.00000, 0.70746,-0.00000,900.00000, 0.70746, 0.00000,-0.00000,-0.00000,-0.00000, 0.01235,-0.00000, 0.99992, 0.86936,514.10633,971.01236,3496.52747,-1.56152, 0.00000, 0.00000,
16.20000,14580.00000,-0.00000,20000.00000,-0.00000, 0.70746,-0.00000,900.00000, 0.70746, 0.00000,-0.00000,-0.00000,-0.00000, 0.01235,-0.00000, 0.99992, 0.86936,514.10633,971.01236,3496.52747,-1.56152, 0.00000, 0.00000,
16.30000,14670.00000,-0.00000,20000.00000,-0.00000, 0.70746,-0.00000,900.00000, 0.70746, 0.00000,-0.00000,-0.00000,-0.00000, 0.01235,-0.00000, 0.99992, 0.86936,514.10633,971.01236,3496.52747,-1.56152, 0.00000, 0.00000,
16.40000,14760.00000,-0.00000,20000.00000,-0.00000, 0.70746,-0.00000,900.00000, 0.70746, 0.00000,-0.00000,-0.00000,-0.00000, 0.01235,-0.00000, 0.99992, 0.86936,514.10633,971.01236,3496.52747,-1.56152, 0.00000, 0.00000,
16.50000,14850.00000,-0.00000,20000.00000,-0.00000, 0.70746,-0.00000,900.00000, 0.70746, 0.00000,-0.00000,-0.00000,-0.00000, 0.01235,-0.00000, 0.99992, 0.86936,514.10633,971.01236,3496.52747,-1.56152, 0.00000, 0.00000,
16.60000,14940.00000,-0.00000,20000.00000,-0.00000, 0.70746,-0.00000,900.00000, 0.70746, 0.00000,-0.00000,-0.00000,-0.00000, 0.01235,-0.00000, 0.99992, 0.86936,514.10633,971.01236,3496.52747,-1.56152, 0.00000, 0.00000,
16.70000,15030.00000,-0.00000,20000.00000,-0.00000, 0.70746,-0.00000,900.00000, 0.70746, 0.00000,-0.00000,-0.00000,-0.00000, 0.01235,-0.00000, 0.99992, 0.86936,514.10633,971.01236,3496.52747,-1.56152, 0.00000, 0.00000,
16.80000,15120.00000,-0.00000,20000.00000,-0.00000, 0.70746,-0.00000,900.00000, 0.70746, 0.00000,-0.00000,-0.00000,-0.00000, 0.01235,-0.00000, 0.99992, 0.86936,514.10633,971.01236,3496.52747,-1.56152, 0.00000, 0.00000,
16.90000,15210.00000,-0.00000,20000.00000,-0.00000, 0.70746,-0.00000,900.00000, 0.70746, 0.00000,-0.00000,-0.00000,-0.00000, 0.01235,-0.00000, 0.99992, 0.86936,514.10633,971.01236,3496.52747,-1.56152, 0.00000, 0.00000,
17.00000,15300.00000,-0.00000,20000.00000,-0.00000, 0.70746,-0.00000,900.00000, 0.70746, 0.00000,-0.00000,-0.00000,-0.00000, 0.01235,-0.00000, 0.99992, 0.86936,514.10633,971.01236,3496.52747,-1.56152, 0.00000, 0.00000,
17.10000,15390.00000,-0.00000,20000.00000,-0.00000, 0.70746,-0.00000,900.00000, 0.70746, 0.00000,-0.00000,-0.00000,-0.00000, 0.01235,-0.00000, 0.99992, 0.86936,514.10633,971.01236,3496.52747,-1.56152, 0.00000, 0.00000,
17.20000,15480.00000,-0.00000,20000.00000,-0.00000, 0.70746,-0.00000,900.00000, 0.70746, 0.00000,-0.00000,-0.00000,-0.00000, 0.01235,-0.00000, 0.99992, 0.86936,514.10633,971.01236,3496.52747,-1.56152, 0.00000, 0.00000,
17.30000,15570.00000,-0.00000,20000.00000,-0.00000, 0.70746,-0.00000,900.00000, 0.70746, 0.00000,-0.00000,-0.00000,-0.00000, 0.01235,-0.00000, 0.99992, 0.86936,514.10633,971.01236,3496.52747,-1.56152, 0.00000, 0.00000,
17.40000,15660.00000,-0.00000,20000.00000,-0.00000, 0.70746,-0.00000,900.00000, 0.70746, 0.00000,-0.00000,-0.00000,-0.00000, 0.01235,-0.00000, 0.99992, 0.86936,514.10633,971.01236,3496.52747,-1.56152, 0.00000, 0.00000,
17.50000,15750.00000,-0.00000,20000.00000,-0.00000, 0.70746,-0.00000,900.00000, 0.70746, 0.00000,-0.00000,-0.00000,-0.00000, 0.01235,-0.00000, 0.99992, 0.86936,514.10633,971.01236,3496.52747,-1.56152, 0.00000, 0.00000,
17.60000,15840.00000,-0.00000,20000.00000,-0.00000, 0.70746,-0.00000,900.00000, 0.70746, 0.00000,-0.00000,-0.00000,-0.00000, 0.01235,-0.00000, 0.99992, 0.86936,514.10633,971.01236,3496.52747,-1.56152, 0.00000, 0.00000,
17.70000,15930.00000,-0.00000,20000.00000,-0.00000, 0.70746,-0.00000,900.00000, 0.70746, 0.00000,-0.00000,-0.00000,-0.00000, 0.01235,-0.00000, 0.99992, 0.86936,514.10633,971.01236,3496.52747,-1.56152, 0.00000, 0.00000,
17.80000,16020.00000,-0.00000,20000.00000,-0.00000, 0.70746,-0.00000,900.00000, 0.70746, 0.00000,-0.00000,-0.00000,-0.00000, 0.01235,-0.00000, 0.99992, 0.86936,514.10633,971.01236,3496.52747,-1.56152, 0.00000, 0.00000,
17.90000,16110.00000,-0.00000,20000.00000,-0.00000, 0.70746,-0.00000,900.00000, 0.70746, 0.00000,-0.00000,-0.00000,-0.00000, 0.01235,-0.00000, 0.99992, 0.86936,514.10633,971.01236,3496.52747,-1.56152, 0.00000, 0.00000,
18.00000,16200.00000,-0.00000,20000.00000,-0.00000, 0.70746,-0.00000,900.00000, 0.70746, 0.00000,-0.00000,-0.00000,-0.00000, 0.01235,-0.00000, 0.99992, 0.86936,514.10633,971.01236,3496.52747,-1.56152, 0.00000, 0.00000,
18.10000,16290.00000,-0.00000,20000.00000,-0.00000, 0.70746,-0.00000,900.00000, 0.70746, 0.00000,-0.00000,-0.00000,-0.00000, 0.01235,-0.00000, 0.99992, 0.86936,514.10633,971.01236,3496.52747,-1.56152, 0.00000, 0.00000,
18.20000,16380.00000,-0.00000,20000.00000,-0.00000, 0.70746,-0.00000,900.00000, 0.70746, 0.00000,-0.00000,-0.00000,-0.00000, 0.01235,-0.00000, 0.99992, 0.86936,514.10633,971.01236,3496.52747,-1.56152, 0.00000, 0.00000,
18.30000,16470.00000,-0.00000,20000.00000,-0.00000, 0.70746,-0.00000,900.00000, 0.70746, 0.00000,-0.00000,-0.00000,-0.00000, 0.01235,-0.00000, 0.99992, 0.86936,514.10633,971.01236,3496.52747,-1.56152, 0.00000, 0.00000,
18.40000,16560.00000,-0.00000,20000.00000,-0.00000, 0.70746,-0.00000,900.00000, 0.70746, 0.00000,-0.00000,-0.00000,-0.00000, 0.01235,-0.00000, 0.99992, 0.86936,514.10633,971.01236,3496.52747,-1.56152, 0.00000, 0.00000,
18.50000,16650.00000,-0.00000,20000.00000,-0.00000, 0.70746,-0.00000,900.00000, 0.70746, 0.00000,-0.00000,-0.00000,-0.00000, 0.01235,-0.00000, 0.99992, 0.86936,514.10633,971.01236,3496.52747,-1.56152, 0.00000, 0.00000,
18.60000,16740.00000,-0.00000,20000.00000,-0.00000, 0.70746,-0.00000,900.00000, 0.70746, 0.00000,-0.00000,-0.00000,-0.00000, 0.01235,-0.00000, 0.99992, 0.86936,514.10633,971.01236,3496.52747,-1.56152, 0.00000, 0.00000,
18.70000,16830.00000,-0.00000,20000.00000,-0.00000, 0.70746,-0.00000,900.00000, 0.70746, 0.00000,-0.00000,-0.00000,-0.00000, 0.01235,-0.00000, 0.99992, 0.86936,514.10633,971.01236,3496.52747,-1.56152, 0.00000, 0.00000,
18.80000,16920.00000,-0.00000,20000.00000,-0.00000, 0.70746,-0.00000,900.00000, 0.70746, 0.00000,-0.00000,-0.00000,-0.00000, 0.01235,-0.00000, 0.99992, 0.86936,514.10633,971.01236,3496.52747,-1.56152, 0.00000, 0.00000,
18.90000,17010.00000,-0.00000,20000.00000,-0.00000, 0.70746,-0.00000,900.00000, 0.70746, 0.00000,-0.00000,-0.00000,-0.00000, 0.01235,-0.00000, 0.99992, 0.86936,514.10633,971.01236,3496.52747,-1.56152, 0.00000, 0.00000,
19.00000,17100.00000,-0.00000,20000.00000,-0.00000, 0.70746,-0.00000,900.00000, 0.70746, 0.00000,-0.00000,-0.00000,-0.00000, 0.01235,-0.00000, 0.99992, 0.86936,514.10633,971.01236,3496.52747,-1.56152, 0.00000, 0.00000,
19.10000,17190.00000,-0.00000,20000.00000,-0.00000, 0.70746,-0.00000,900.00000, 0.70746, 0.00000,-0.00000,-0.00000,-0.00000, 0.01235,-0.00000, 0.99992, 0.86936,514.10633,971.01236,3496.52747,-1.56152, 0.00000, 0.00000,
19.20000,17280.00000,-0.00000,20000.00000,-0.00000, 0.70746,-0.00000,900.00000, 0.70746, 0.00000,-0.00000,-0.00000,-0.00000, 0.01235,-0.00000, 0.99992, 0.86936,514.10633,971.01236,3496.52747,-1.56152, 0.00000, 0.00000,
19.30000,17370.00000,-0.00000,20000.00000,-0.00000, 0.70746,-0.00000,900.00000, 0.70746, 0.00000,-0.00000,-0.00000,-0.00000, 0.01235,-0.00000, 0.99992, 0.86936,514.10633,971.01236,3496.52747,-1.56152, 0.00000, 0.00000,
19.40000,17460.00000,-0.00000,20000.00000,-0.00000, 0.70746,-0.00000,900.00000, 0.70746, 0.00000,-0.00000,-0.00000,-0.00000, 0.01235,-0.00000, 0.99992, 0.86936,514.10633,971.01236,3496.52747,-1.56152, 0.00000, 0.00000,
19.50000,17550.00000,-0.00000,20000.00000,-0.00000, 0.70746,-0.00000,900.00000, 0.70746, 0.00000,-0.00000,-0.00000,-0.00000, 0.01235,-0.00000, 0.99992, 0.86936,514.10633,971.01236,3496.52747,-1.56152, 0.00000, 0.00000,
19.60000,17640.00000,-0.00000,20000.00000,-0.00000, 0.70746,-0.00000,900.00000, 0.70746, 0.00000,-0.00000,-0.00000,-0.00000, 0.01235,-0.00000, 0.99992, 0.86936,514.10633,971.01236,3496.52747,-1.56152, 0.00000, 0.00000,
19.70000,17730.00000,-0.00000,20000.00000,-0.00000, 0.70746,-0.00000,900.00000, 0.70746, 0.00000,-0.00000,-0.00000,-0.00000, 0.01235,-0.00000, 0.99992, 0.86936,514.10633,971.01236,3496.52747,-1.56152, 0.00000, 0.00000,
19.80000,17820.00000,-0.00000,20000.00000,-0.00000, 0.70746,-0.00000,900.00000, 0.70746, 0.00000,-0.00000,-0.00000,-0.00000, 0.01235,-0.00000, 0.99992, 0.86936,514.10633,971.01236,3496.52747,-1.56152, 0.00000, 0.00000,
19.90000,17910.00000,-0.00000,20000.00000,-0.00000, 0.70746,-0.00000,900.00000, 0.70746, 0.00000,-0.00000,-0.00000,-0.00000, 0.01235,-0.00000, 0.99992, 0.86936,514.10633,971.01236,3496.52747,-1.56152, 0.00000, 0.00000,
20.00000,18000.00000,-0.00000,20000.00000,-0.00000, 0.70746,-0.00000,900.00000, 0.70746, 0.00000,-0.00000,-0.00000,-0.00000, 0.01235,-0.00000, 0.99992, 0.86936,514.10633,971.01236,3496.52747,-1.56152, 0.00000, 0.00000,
20.10000,18090.00000,-0.00000,20000.00000,-0.00000, 0.70746,-0.00000,900.00000, 0.70746, 0.00000,-0.00000,-0.00000,-0.00000, 0.01235,-0.00000, 0.99992, 0.86936,514.10633,971.01236,3496.52747,-1.56152, 0.00000, 0.00000,
20.20000,18180.00000,-0.00000,20000.00000,-0.00000, 0.70746,-0.00000,900.00000, 0.70746, 0.00000,-0.00000,-0.00000,-0.00000, 0.01235,-0.00000, 0.99992, 0.86936,514.10633,971.01236,3496.52747,-1.56152, 0.00000, 0.00000,
20.30000,18270.00000,-0.00000,20000.00000,-0.00000, 0.70746,-0.00000,900.00000, 0.70746, 0.00000,-0.00000,-0.00000,-0.00000, 0.01235,-0.00000, 0.99992, 0.86936,514.10633,971.01236,3496.52747,-1.56152, 0.00000, 0.00000,
20.40000,18360.00000,-0.00000,20000.00000,-0.00000, 0.70746,-0.00000,900.00000, 0.70746, 0.00000,-0.00000,-0.00000,-0.00000, 0.01235,-0.00000, 0.99992, 0.86936,514.10633,971.01236,3496.52747,-1.56152, 0.00000, 0.00000,
20.50000,18450.00000,-0.00000,20000.00000,-0.00000, 0.70746,-0.00000,900.00000, 0.70746, 0.00000,-0.00000,-0.00000,-0.00000, 0.01235,-0.00000, 0.99992, 0.86936,514.10633,971.01236,3496.52747,-1.56152, 0.00000, 0.00000,
20.60000,18540.00000,-0.00000,20000.00000,-0.00000, 0.70746,-0.00000,900.00000, 0.70746, 0.00000,-0.00000,-0.00000,-0.00000, 0.01235,-0.00000, 0.99992, 0.86936,514.10633,971.01236,3496.52747,-1.56152, 0.00000, 0.00000,
20.70000,18630.00000,-0.00000,20000.00000,-0.00000, 0.70746,-0.00000,900.00000, 0.70746, 0.00000,-0.00000,-0.00000,-0.00000, 0.01235,-0.00000, 0.99992, 0.86936,514.10633,971.01236,3496.52747,-1.56152, 0.00000, 0.00000,
20.80000,18720.00000,-0.00000,20000.00000,-0.00000, 0.70746,-0.00000,900.00000, 0.70746, 0.00000,-0.00000,-0.00000,-0.00000, 0.01235,-0.00000, 0.99992, 0.86936,514.10633,971.01236,3496.52747,-1.56152, 0.00000, 0.00000,
20.90000,18810.00000,-0.00000,20000.00000,-0.00000, 0.70746,-0.00000,900.00000, 0.70746, 0.00000,-0.00000,-0.00000,-0.00000, 0.01235,-0.00000, 0.99992, 0.86936,514.10633,971.01236,3496.52747,-1.56152, 0.00000, 0.00000,
21.00000,18900.00000,-0.00000,20000.00000,-0.00000, 0.70746,-0.00000,900.00000, 0.70746, 0.00000,-0.00000,-0.00000,-0.00000, 0.01235,-0.00000, 0.99992, 0.86936,514.10633,971.01236,3496.52747,-1.56152, 0.00000, 0.00000,
21.10000,18990.00000,-0.00000,20000.00000,-0.00000, 0.70746,-0.00000,900.00000, 0.70746, 0.00000,-0.00000,-0.00000,-0.00000, 0.01235,-0.00000, 0.99992, 0.86936,514.10633,971.01236,3496.52747,-1.56152, 0.00000, 0.00000,
21.20000,19080.00000,-0.00000,20000.00000,-0.00000, 0.70746,-0.00000,900.00000, 0.70746, 0.00000,-0.00000,-0.00000,-0.00000, 0.01235,-0.00000, 0.99992, 0.86936,514.10633,971.01236,3496.52747,-1.56152, 0.00000, 0.00000,
21.30000,19170.00000,-0.00000,20000.00000,-0.00000, 0.70746,-0.00000,900.00000, 0.70746, 0.00000,-0.00000,-0.00000,-0.00000, 0.01235,-0.00000, 0.99992, 0.86936,514.10633,971.01236,3496.52747,-1.56152, 0.00000, 0.00000,
21.40000,19260.00000,-0.00000,20000.00000,-0.00000, 0.70746,-0.00000,900.00000, 0.70746, 0.00000,-0.00000,-0.00000,-0.00000, 0.01235,-0.00000, 0.99992, 0.86936,514.10633,971.01236,3496.52747,-1.56152, 0.00000, 0.00000,
21.50000,19350.00000,-0.00000,20000.00000,-0.00000, 0.70746,-0.00000,900.00000, 0.70746, 0.00000,-0.00000,-0.00000,-0.00000, 0.01235,-0.00000, 0.99992, 0.86936,514.10633,971.01236,3496.52747,-1.56152, 0.00000, 0.00000,
21.60000,19440.00000,-0.00000,20000.00000,-0.00000, 0.70746,-0.00000,900.00000, 0.70746, 0.00000,-0.00000,-0.00000,-0.00000, 0.01235,-0.00000, 0.99992, 0.86936,514.10633,971.01236,3496.52747,-1.56152, 0.00000, 0.00000,
21.70000,19530.00000,-0.00000,20000.00000,-0.00000, 0.70746,-0.00000,900.00000, 0.70746, 0.00000,-0.00000,-0.00000,-0.00000, 0.01235,-0.00000, 0.99992, 0.86936,514.10633,971.01236,3496.52747,-1.56152, 0.00000, 0.00000,
21.80000,19620.00000,-0.00000,20000.00000,-0.00000, 0.70746,-0.00000,900.00000, 0.70746, 0.00000,-0.00000,-0.00000,-0.00000, 0.01235,-0.00000, 0.99992, 0.86936,514.10633,971.01236,3496.52747,-1.56152, 0.00000, 0.00000,
21.90000,19710.00000,-0.00000,20000.00000,-0.00000, 0.70746,-0.00000,900.00000, 0.70746, 0.00000,-0.00000,-0.00000,-0.00000, 0.01235,-0.00000, 0.99992, 0.86936,514.10633,971.01236,3496.52747,-1.56152, 0.00000, 0.00000,
22.00000,19800.00000,-0.00000,20000.00000,-0.00000, 0.70746,-0.00000,900.00000, 0.70746, 0.00000,-0.00000,-0.00000,-0.00000, 0.01235,-0.00000, 0.99992, 0.86936,514.10633,971.01236,3496.52747,-1.56152, 0.00000, 0.00000,
22.10000,19890.00000,-0.00000,20000.00000,-0.00000, 0.70746,-0.00000,900.00000, 0.70746, 0.00000,-0.00000,-0.00000,-0.00000, 0.01235,-0.00000, 0.99992, 0.86936,514.10633,971.01236,3496.52747,-1.56152, 0.00000, 0.00000,
22.20000,19980.00000,-0.00000,20000.00000,-0.00000, 0.70746,-0.00000,900.00000, 0.70746, 0.00000,-0.00000,-0.00000,-0.00000, 0.01235,-0.00000, 0.99992, 0.86936,514.10633,971.01236,3496.52747,-1.56152, 0.00000, 0.00000,
22.30000,20070.00000,-0.00000,20000.00000,-0.00000, 0.70746,-0.00000,900.00000, 0.70746, 0.00000,-0.00000,-0.00000,-0.00000, 0.01235,-0.00000, 0.99992, 0.86936,514.10633,971.01236,3496.52747,-1.56152, 0.00000, 0.00000,
22.40000,20160.00000,-0.00000,20000.00000,-0.00000, 0.70746,-0.00000,900.00000, 0.70746, 0.00000,-0.00000,-0.00000,-0.00000, 0.01235,-0.00000, 0.99992, 0.86936,514.10633,971.01236,3496.52747,-1.56152, 0.00000, 0.00000,
22.50000,20250.00000,-0.00000,20000.00000,-0.00000, 0.70746,-0.00000,900.00000, 0.70746, 0.00000,-0.00000,-0.00000,-0.00000, 0.01235,-0.00000, 0.99992, 0.86936,514.10633,971.01236,3496.52747,-1.56152, 0.00000, 0.00000,
22.60000,20340.00000,-0.00000,20000.00000,-0.00000, 0.70746,-0.00000,900.00000, 0.70746, 0.00000,-0.00000,-0.00000,-0.00000, 0.01235,-0.00000, 0.99992, 0.86936,514.10633,971.01236,3496.52747,-1.56152, 0.00000, 0.00000,
22.70000,20430.00000,-0.00000,20000.00000,-0.00000, 0.70746,-0.00000,900.00000, 0.70746, 0.00000,-0.00000,-0.00000,-0.00000, 0.01235,-0.00000, 0.99992, 0.86936,514.10633,971.01236,3496.52747,-1.56152, 0.00000, 0.00000,
22.80000,20520.00000,-0.00000,20000.00000,-0.00000, 0.70746,-0.00000,900.00000, 0.70746, 0.00000,-0.00000,-0.00000,-0.00000, 0.01235,-0.00000, 0.99992, 0.86936,514.10633,971.01236,3496.52747,-1.56152, 0.00000, 0.00000,
22.90000,20610.00000,-0.00000,20000.00000,-0.00000, 0.70746,-0.00000,900.00000, 0.70746, 0.00000,-0.00000,-0.00000,-0.00000, 0.01235,-0.00000, 0.99992, 0.86936,514.10633,971.01236,3496.52747,-1.56152, 0.00000, 0.00000,
23.00000,20700.00000,-0.00000,20000.00000,-0.00000, 0.70746,-0.00000,900.00000, 0.70746, 0.00000,-0.00000,-0.00000,-0.00000, 0.01235,-0.00000, 0.99992, 0.86936,514.10633,971.01236,3496.52747,-1.56152, 0.00000, 0.00000,
23.10000,20790.00000,-0.00000,20000.00000,-0.00000, 0.70746,-0.00000,900.00000, 0.70746, 0.00000,-0.00000,-0.00000,-0.00000, 0.01235,-0.00000, 0.99992, 0.86936,514.10633,971.01236,3496.52747,-1.56152, 0.00000, 0.00000,
23.20000,20880.00000,-0.00000,20000.00000,-0.00000, 0.70746,-0.00000,900.00000, 0.70746, 0.00000,-0.00000,-0.00000,-0.00000, 0.01235,-0.00000, 0.99992, 0.86936,514.10633,971.01236,3496.52747,-1.56152, 0.00000, 0.00000,
23.30000,20970.00000,-0.00000,20000.00000,-0.00000, 0.70746,-0.00000,900.00000, 0.70746, 0.00000,-0.00000,-0.00000,-0.00000, 0.01235,-0.00000, 0.99992, 0.86936,514.10633,971.01236,3496.52747,-1.56152, 0.00000, 0.00000,
23.40000,21060.00000,-0.00000,20000.00000,-0.00000, 0.70746,-0.00000,900.00000, 0.70746, 0.00000,-0.00000,-0.00000,-0.00000, 0.01235,-0.00000, 0.99992, 0.86936,514.10633,971.01236,3496.52747,-1.56152, 0.00000, 0.00000,
23.50000,21150.00000,-0.00000,20000.00000,-0.00000, 0.70746,-0.00000,900.00000, 0.70746, 0.00000,-0.00000,-0.00000,-0.00000, 0.01235,-0.00000, 0.99992, 0.86936,514.10633,971.01236,3496.52747,-1.56152, 0.00000, 0.00000,
23.60000,21240.00000,-0.00000,20000.00000,-0.00000, 0.70746,-0.00000,900.00000, 0.70746, 0.00000,-0.00000,-0.00000,-0.00000, 0.01235,-0.00000, 0.99992, 0.86936,514.10633,971.01236,3496.52747,-1.56152, 0.00000, 0.00000,
23.70000,21330.00000,-0.00000,20000.00000,-0.00000, 0.70746,-0.00000,900.00000, 0.70746, 0.00000,-0.00000,-0.00000,-0.00000, 0.01235,-0.00000, 0.99992, 0.86936,514.10633,971.01236,3496.52747,-1.56152, 0.00000, 0.00000,
23.80000,21420.00000,-0.00000,20000.00000,-0.00000, 0.70746,-0.00000,900.00000, 0.70746, 0.00000,-0.00000,-0.00000,-0.00000, 0.01235,-0.00000, 0.99992, 0.86936,514.10633,971.01236,3496.52747,-1.56152, 0.00000, 0.00000,
23.90000,21510.00000,-0.00000,20000.00000,-0.00000, 0.70746,-0.00000,900.00000, 0.70746, 0.00000,-0.00000,-0.00000,-0.00000, 0.01235,-0.00000, 0.99992, 0.86936,514.10633,971.01236,3496.52747,-1.56152, 0.00000, 0.00000,
24.00000,21600.00000,-0.00000,20000.00000,-0.00000, 0.70746,-0.00000,900.00000, 0.70746, 0.00000,-0.00000,-0.00000,-0.00000, 0.01235,-0.00000, 0.99992, 0.86936,514.10633,971.01236,3496.52747,-1.56152, 0.00000, 0.00000,
24.10000,21690.00000,-0.00000,20000.00000,-0.00000, 0.70746,-0.00000,900.00000, 0.70746, 0.00000,-0.00000,-0.00000,-0.00000, 0.01235,-0.00000, 0.99992, 0.86936,514.10633,971.01236,3496.52747,-1.56152, 0.00000, 0.00000,
24.20000,21780.00000,-0.00000,20000.00000,-0.00000, 0.70746,-0.00000,900.00000, 0.70746, 0.00000,-0.00000,-0.00000,-0.00000, 0.01235,-0.00000, 0.99992, 0.86936,514.10633,971.01236,3496.52747,-1.56152, 0.00000, 0.00000,
24.30000,21870.00000,-0.00000,20000.00000,-0.00000, 0.70746,-0.00000,900.00000, 0.70746, 0.00000,-0.00000,-0.00000,-0.00000, 0.01235,-0.00000, 0.99992, 0.86936,514.10633,971.01236,3496.52747,-1.56152, 0.00000, 0.00000,
24.40000,21960.00000,-0.00000,20000.00000,-0.00000, 0.70746,-0.00000,900.00000, 0.70746, 0.00000,-0.00000,-0.00000,-0.00000, 0.01235,-0.00000, 0.99992, 0.86936,514.10633,971.01236,3496.52747,-1.56152, 0.00000, 0.00000,
24.50000,22050.00000,-0.00000,20000.00000,-0.00000, 0.70746,-0.00000,900.00000, 0.70746, 0.00000,-0.00000,-0.00000,-0.00000, 0.01235,-0.00000, 0.99992, 0.86936,514.10633,971.01236,3496.52747,-1.56152, 0.00000, 0.00000,
24.60000,22140.00000,-0.00000,20000.00000,-0.00000, 0.70746,-0.00000,900.00000, 0.70746, 0.00000,-0.00000,-0.00000,-0.00000, 0.01235,-0.00000, 0.99992, 0.86936,514.10633,971.01236,3496.52747,-1.56152, 0.00000, 0.00000,
24.70000,22230.00000,-0.00000,20000.00000,-0.00000, 0.70746,-0.00000,900.00000, 0.70746, 0.00000,-0.00000,-0.00000,-0.00000, 0.01235,-0.00000, 0.99992, 0.86936,514.10633,971.01236,3496.52747,-1.56152, 0.00000, 0.00000,
24.80000,22320.00000,-0.00000,20000.00000,-0.00000, 0.70746,-0.00000,900.00000, 0.70746, 0.00000,-0.00000,-0.00000,-0.00000, 0.01235,-0.00000, 0.99992, 0.86936,514.10633,971.01236,3496.52747,-1.56152, 0.00000, 0.00000,
24.90000,22410.00000,-0.00000,20000.00000,-0.00000, 0.70746,-0.00000,900.00000, 0.70746, 0.00000,-0.00000,-0.00000,-0.00000, 0.01235,-0.00000, 0.99992, 0.86936,514.10633,971.01236,3496.52747,-1.56152, 0.00000, 0.00000,
25.00000,22500.00000,-0.00000,20000.00000,-0.00000, 0.70746,-0.00000,900.00000, 0.70746, 0.00000,-0.00000,-0.00000,-0.00000, 0.01235,-0.00000, 0.99992, 0.86936,514.10633,971.01236,3496.52747,-1.56152, 0.00000, 0.00000,
25.10000,22590.00000,-0.00000,20000.00000,-0.00000, 0.70746,-0.00000,900.00000, 0.70746, 0.00000,-0.00000,-0.00000,-0.00000, 0.01235,-0.00000, 0.99992, 0.86936,514.10633,971.01236,3496.52747,-1.56152, 0.00000, 0.00000,
25.20000,22680.00000,-0.00000,20000.00000,-0.00000, 0.70746,-0.00000,900.00000, 0.70746, 0.00000,-0.00000,-0.00000,-0.00000, 0.01235,-0.00000, 0.99992, 0.86936,514.10633,971.01236,3496.52747,-1.56152, 0.00000, 0.00000,
25.30000,22770.00000,-0.00000,20000.00000,-0.00000, 0.70746,-0.00000,900.00000, 0.70746, 0.00000,-0.00000,-0.00000,-0.00000, 0.01235,-0.00000, 0.99992, 0.86936,514.10633,971.01236,3496.52747,-1.56152, 0.00000, 0.00000,
25.40000,22860.00000,-0.00000,20000.00000,-0.00000, 0.70746,-0.00000,900.00000, 0.70746, 0.00000,-0.00000,-0.00000,-0.00000, 0.01235,-0.00000, 0.99992, 0.86936,514.10633,971.01236,3496.52747,-1.56152, 0.00000, 0.00000,
25.50000,22950.00000,-0.00000,20000.00000,-0.00000, 0.70746,-0.00000,900.00000, 0.70746, 0.00000,-0.00000,-0.00000,-0.00000, 0.01235,-0.00000, 0.99992, 0.86936,514.10633,971.01236,3496.52747,-1.56152, 0.00000, 0.00000,
25.60000,23040.00000,-0.00000,20000.00000,-0.00000, 0.70746,-0.00000,900.00000, 0.70746, 0.00000,-0.00000,-0.00000,-0.00000, 0.01235,-0.00000, 0.99992, 0.86936,514.10633,971.01236,3496.52747,-1.56152, 0.00000, 0.00000,
25.70000,23130.00000,-0.00000,20000.00000,-0.00000, 0.70746,-0.00000,900.00000, 0.70746, 0.00000,-0.00000,-0.00000,-0.00000, 0.01235,-0.00000, 0.99992, 0.86936,514.10633,971.01236,3496.52747,-1.56152, 0.00000, 0.00000,
25.80000,23220.00000,-0.00000,20000.00000,-0.00000, 0.70746,-0.00000,900.00000, 0.70746, 0.00000,-0.00000,-0.00000,-0.00000, 0.01235,-0.00000, 0.99992, 0.86936,514.10633,971.01236,3496.52747,-1.56152, 0.00000, 0.00000,
25.90000,23310.00000,-0.00000,20000.00000,-0.00000, 0.70746,-0.00000,900.00000, 0.70746, 0.00000,-0.00000,-0.00000,-0.00000, 0.01235,-0.00000, 0.99992, 0.86936,514.10633,971.01236,3496.52747,-1.56152, 0.00000, 0.00000,
26.00000,23400.00000,-0.00000,20000.00000,-0.00000, 0.70746,-0.00000,900.00000, 0.70746, 0.00000,-0.00000,-0.00000,-0.00000, 0.01235,-0.00000, 0.99992, 0.86936,514.10633,971.01236,3496.52747,-1.56152, 0.00000, 0.00000,
26.10000,23490.00000,-0.00000,20000.00000,-0.00000, 0.70746,-0.00000,900.00000, 0.70746, 0.00000,-0.00000,-0.00000,-0.00000, 0.01235,-0.00000, 0.99992, 0.86936,514.10633,971.01236,3496.52747,-1.56152, 0.00000, 0.00000,
26.20000,23580.00000,-0.00000,20000.00000,-0.00000, 0.70746,-0.00000,900.00000, 0.70746, 0.00000,-0.00000,-0.00000,-0.00000, 0.01235,-0.00000, 0.99992, 0.86936,514.10633,971.01236,3496.52747,-1.56152, 0.00000, 0.00000,
26.30000,23670.00000,-0.00000,20000.00000,-0.00000, 0.70746,-0.00000,900.00000, 0.70746, 0.00000,-0.00000,-0.00000,-0.00000, 0.01235,-0.00000, 0.99992, 0.86936,514.10633,971.01236,3496.52747,-1.56152, 0.00000, 0.00000,
26.40000,23760.00000,-0.00000,20000.00000,-0.00000, 0.70746,-0.00000,900.00000, 0.70746, 0.00000,-0.00000,-0.00000,-0.00000, 0.01235,-0.00000, 0.99992, 0.86936,514.10633,971.01236,3496.52747,-1.56152, 0.00000, 0.00000,
26.50000,23850.00000,-0.00000,20000.00000,-0.00000, 0.70746,-0.00000,900.00000, 0.70746, 0.00000,-0.00000,-0.00000,-0.00000, 0.01235,-0.00000, 0.99992, 0.86936,514.10633,971.01236,3496.52747,-1.56152, 0.00000, 0.00000,
26.60000,23940.00000,-0.00000,20000.00000,-0.00000, 0.70746,-0.00000,900.00000, 0.70746, 0.00000,-0.00000,-0.00000,-0.00000, 0.01235,-0.00000, 0.99992, 0.86936,514.10633,971.01236,3496.52747,-1.56152, 0.00000, 0.00000,
26.70000,24030.00000,-0.00000,20000.00000,-0.00000, 0.70746,-0.00000,900.00000, 0.70746, 0.00000,-0.00000,-0.00000,-0.00000, 0.01235,-0.00000, 0.99992, 0.86936,514.10633,971.01236,3496.52747,-1.56152, 0.00000, 0.00000,
26.80000,24120.00000,-0.00000,20000.00000,-0.00000, 0.70746,-0.00000,900.00000, 0.70746, 0.00000,-0.00000,-0.00000,-0.00000, 0.01235,-0.00000, 0.99992, 0.86936,514.10633,971.01236,3496.52747,-1.56152, 0.00000, 0.00000,
26.90000,24210.00000,-0.00000,20000.00000,-0.00000, 0.70746,-0.00000,900.00000, 0.70746, 0.00000,-0.00000,-0.00000,-0.00000, 0.01235,-0.00000, 0.99992, 0.86936,514.10633,971.01236,3496.52747,-1.56152, 0.00000, 0.00000,
27.00000,24300.00000,-0.00000,20000.00000,-0.00000, 0.70746,-0.00000,900.00000, 0.70746, 0.00000,-0.00000,-0.00000,-0.00000, 0.01235,-0.00000, 0.99992, 0.86936,514.10633,971.01236,3496.52747,-1.56152, 0.00000, 0.00000,
27.10000,24390.00000,-0.00000,20000.00000,-0.00000, 0.70746,-0.00000,900.00000, 0.70746, 0.00000,-0.00000,-0.00000,-0.00000, 0.01235,-0.00000, 0.99992, 0.86936,514.10633,971.01236,3496.52747,-1.56152, 0.00000, 0.00000,
27.20000,24480.00000,-0.00000,20000.00000,-0.00000, 0.70746,-0.00000,900.00000, 0.70746, 0.00000,-0.00000,-0.00000,-0.00000, 0.01235,-0.00000, 0.99992, 0.86936,514.10633,971.01236,3496.52747,-1.56152, 0.00000, 0.00000,
27.30000,24570.00000,-0.00000,20000.00000,-0.00000, 0.70746,-0.00000,900.00000, 0.70746, 0.00000,-0.00000,-0.00000,-0.00000, 0.01235,-0.00000, 0.99992, 0.86936,514.10633,971.01236,3496.52747,-1.56152, 0.00000, 0.00000,
27.40000,24660.00000,-0.00000,20000.00000,-0.00000, 0.70746,-0.00000,900.00000, 0.70746, 0.00000,-0.00000,-0.00000,-0.00000, 0.01235,-0.00000, 0.99992, 0.86936,514.10633,971.01236,3496.52747,-1.56152, 0.00000, 0.00000,
27.50000,24750.00000,-0.00000,20000.00000,-0.00000, 0.70746,-0.00000,900.00000, 0.70746, 0.00000,-0.00000,-0.00000,-0.00000, 0.01235,-0.00000, 0.99992, 0.86936,514.10633,971.01236,3496.52747,-1.56152, 0.00000, 0.00000,
27.60000,24840.00000,-0.00000,20000.00000,-0.00000, 0.70746,-0.00000,900.00000, 0.70746, 0.00000,-0.00000,-0.00000,-0.00000, 0.01235,-0.00000, 0.99992, 0.86936,514.10633,971.01236,3496.52747,-1.56152, 0.00000, 0.00000,
27.70000,24930.00000,-0.00000,20000.00000,-0.00000, 0.70746,-0.00000,900.00000, 0.70746, 0.00000,-0.00000,-0.00000,-0.00000, 0.01235,-0.00000, 0.99992, 0.86936,514.10633,971.01236,3496.52747,-1.56152, 0.00000, 0.00000,
27.80000,25020.00000,-0.00000,20000.00000,-0.00000, 0.70746,-0.00000,900.00000, 0.70746, 0.00000,-0.00000,-0.00000,-0.00000, 0.01235,-0.00000, 0.99992, 0.86936,514.10633,971.01236,3496.52747,-1.56152, 0.00000, 0.00000,
27.90000,25110.00000,-0.00000,20000.00000,-0.00000, 0.70746,-0.00000,900.00000, 0.70746, 0.00000,-0.00000,-0.00000,-0.00000, 0.01235,-0.00000, 0.99992, 0.86936,514.10633,971.01236,3496.52747,-1.56152, 0.00000, 0.00000,
28.00000,25200.00000,-0.00000,20000.00000,-0.00000, 0.70746,-0.00000,900.00000, 0.70746, 0.00000,-0.00000,-0.00000,-0.00000, 0.01235,-0.00000, 0.99992, 0.86936,514.10633,971.01236,3496.52747,-1.56152, 0.00000, 0.00000,
28.10000,25290.00000,-0.00000,20000.00000,-0.00000, 0.70746,-0.00000,900.00000, 0.70746, 0.00000,-0.00000,-0.00000,-0.00000, 0.01235,-0.00000, 0.99992, 0.86936,514.10633,971.01236,3496.52747,-1.56152, 0.00000, 0.00000,
28.20000,25380.00000,-0.00000,20000.00000,-0.00000, 0.70746,-0.00000,900.00000, 0.70746, 0.00000,-0.00000,-0.00000,-0.00000, 0.01235,-0.00000, 0.99992, 0.86936,514.10633,971.01236,3496.52747,-1.56152, 0.00000, 0.00000,
28.30000,25470.00000,-0.00000,20000.00000,-0.00000, 0.70746,-0.00000,900.00000, 0.70746, 0.00000,-0.00000,-0.00000,-0.00000, 0.01235,-0.00000, 0.99992, 0.86936,514.10633,971.01236,3496.52747,-1.56152, 0.00000, 0.00000,
28.40000,25560.00000,-0.00000,20000.00000,-0.00000, 0.70746,-0.00000,900.00000, 0.70746, 0.00000,-0.00000,-0.00000,-0.00000, 0.01235,-0.00000, 0.99992, 0.86936,514.10633,971.01236,3496.52747,-1.56152, 0.00000, 0.00000,
28.50000,25650.00000,-0.00000,20000.00000,-0.00000, 0.70746,-0.00000,900.00000, 0.70746, 0.00000,-0.00000,-0.00000,-0.00000, 0.01235,-0.00000, 0.99992, 0.86936,514.10633,971.01236,3496.52747,-1.56152, 0.00000, 0.00000,
28.60000,25740.00000,-0.00000,20000.00000,-0.00000, 0.70746,-0.00000,900.00000, 0.70746, 0.00000,-0.00000,-0.00000,-0.00000, 0.01235,-0.00000, 0.99992, 0.86936,514.10633,971.01236,3496.52747,-1.56152, 0.00000, 0.00000,
28.70000,25830.00000,-0.00000,20000.00000,-0.00000, 0.70746,-0.00000,900.00000, 0.70746, 0.00000,-0.00000,-0.00000,-0.00000, 0.01235,-0.00000, 0.99992, 0.86936,514.10633,971.01236,3496.52747,-1.56152, 0.00000, 0.00000,
28.80000,25920.00000,-0.00000,20000.00000,-0.00000, 0.70746,-0.00000,900.00000, 0.70746, 0.00000,-0.00000,-0.00000,-0.00000, 0.01235,-0.00000, 0.99992, 0.86936,514.10633,971.01236,3496.52747,-1.56152, 0.00000, 0.00000,
28.90000,26010.00000,-0.00000,20000.00000,-0.00000, 0.70746,-0.00000,900.00000, 0.70746, 0.00000,-0.00000,-0.00000,-0.00000, 0.01235,-0.00000, 0.99992, 0.86936,514.10633,971.01236,3496.52747,-1.56152, 0.00000, 0.00000,
29.00000,26100.00000,-0.00000,20000.00000,-0.00000, 0.70746,-0.00000,900.00000, 0.70746, 0.00000,-0.00000,-0.00000,-0.00000, 0.01235,-0.00000, 0.99992, 0.86936,514.10633,971.01236,3496.52747,-1.56152, 0.00000, 0.00000,
29.10000,26190.00000,-0.00000,20000.00000,-0.00000, 0.70746,-0.00000,900.00000, 0.70746, 0.00000,-0.00000,-0.00000,-0.00000, 0.01235,-0.00000, 0.99992, 0.86936,514.10633,971.01236,3496.52747,-1.56152, 0.00000, 0.00000,
29.20000,26280.00000,-0.00000,20000.00000,-0.00000, 0.70746,-0.00000,900.00000, 0.70746, 0.00000,-0.00000,-0.00000,-0.00000, 0.01235,-0.00000, 0.99992, 0.86936,514.10633,971.01236,3496.52747,-1.56152, 0.00000, 0.00000,
29.30000,26370.00000,-0.00000,20000.00000,-0.00000, 0.70746,-0.00000,900.00000, 0.70746, 0.00000,-0.00000,-0.00000,-0.00000, 0.01235,-0.00000, 0.99992, 0.86936,514.10633,971.01236,3496.52747,-1.56152, 0.00000, 0.00000,
29.40000,26460.00000,-0.00000,20000.00000,-0.00000, 0.70746,-0.00000,900.00000, 0.70746, 0.00000,-0.00000,-0.00000,-0.00000, 0.01235,-0.00000, 0.99992, 0.86936,514.10633,971.01236,3496.52747,-1.56152, 0.00000, 0.00000,
29.50000,26550.00000,-0.00000,20000.00000,-0.00000, 0.70746,-0.00000,900.00000, 0.70746, 0.00000,-0.00000,-0.00000,-0.00000, 0.01235,-0.00000, 0.99992, 0.86936,514.10633,971.01236,3496.52747,-1.56152, 0.00000, 0.00000,
29.60000,26640.00000,-0.00000,20000.00000,-0.00000, 0.70746,-0.00000,900.00000, 0.70746, 0.00000,-0.00000,-0.00000,-0.00000, 0.01235,-0.00000, 0.99992, 0.86936,514.10633,971.01236,3496.52747,-1.56152, 0.00000, 0.00000,
29.70000,26730.00000,-0.00000,20000.00000,-0.00000, 0.70746,-0.00000,900.00000, 0.70746, 0.00000,-0.00000,-0.00000,-0.00000, 0.01235,-0.00000, 0.99992, 0.86936,514.10633,971.01236,3496.52747,-1.56152, 0.00000, 0.00000,
29.80000,26820.00000,-0.00000,20000.00000,-0.00000, 0.70746,-0.00000,900.00000, 0.70746, 0.00000,-0.00000,-0.00000,-0.00000, 0.01235,-0.00000, 0.99992, 0.86936,514.10633,971.01236,3496.52747,-1.56152, 0.00000, 0.00000,
29.90000,26910.00000,-0.00000,20000.00000,-0.00000, 0.70746,-0.00000,900.00000, 0.70746, 0.00000,-0.00000,-0.00000,-0.00000, 0.01235,-0.00000, 0.99992, 0.86936,514.10633,971.01236,3496.52747,-1.56152, 0.00000, 0.00000,
30.00000,27000.00000,-0.00000,20000.00000,-0.00000, 0.70746,-0.00000,900.00000, 0.70746, 0.00000,-0.00000,-0.00000,-0.00000, 0.01235,-0.00000, 0.99992, 0.86936,514.10633,971.01236,3496.52747,-1.56152, 0.00000, 0.00000,
